### name | cross-section | sum of weights | efficiency
data|1|1|1
ttbar_lep|452.693559|49296600|1
single_top_tchan|44.152|4986200|1
single_antitop_tchan|26.276|4989800|1
single_top_schan|2.06121|997800|1
single_antitop_schan|1.288662|995400|1
single_top_wtchan|35.845486|4865800|1
single_antitop_wtchan|35.824406|4945600|1
Zmumu_PTV0_70_CVetoBVeto|1588.474174|5319367.44387|1
Zmumu_PTV0_70_CFilterBVeto|219.4826028|2834664.0856|1
Zmumu_PTV0_70_BFilter|127.1303743|4078710.85229|1
Zmumu_PTV70_140_CVetoBVeto|73.36940289|2143575.01278|1
Zmumu_PTV70_140_CFilterBVeto|20.90606833|722736.703003|1
Zmumu_PTV70_140_BFilter|12.50542972|2053470.59226|1
Zmumu_PTV140_280_CVetoBVeto|23.43735064|2940060.231|1
Zmumu_PTV140_280_CFilterBVeto|9.145130781|1961708.95573|1
Zmumu_PTV140_280_BFilter|6.076989874|3441102.46707|1
Zmumu_PTV280_500_CVetoBVeto|4.657367095|1705022.00352|1
Zmumu_PTV280_500_CFilterBVeto|2.214827532|906361.047826|1
Zmumu_PTV280_500_BFilter|1.468357812|1854208.83636|1
Zmumu_PTV500_1000|1.74260121|2944710.97814|1
Zmumu_PTV1000|0.14392476|1007977.7298|1
Zee_PTV0_70_CVetoBVeto|1587.021595|5307644.52827|1
Zee_PTV0_70_CFilterBVeto|219.9958116|2839137.81561|1
Zee_PTV0_70_BFilter|127.0857614|4053053.52848|1
Zee_PTV70_140_CVetoBVeto|74.90381742|2164248.98844|1
Zee_PTV70_140_CFilterBVeto|20.3159891|715162.089738|1
Zee_PTV70_140_BFilter|12.73880801|2043192.28295|1
Zee_PTV140_280_CVetoBVeto|24.44184978|2966342.61469|1
Zee_PTV140_280_CFilterBVeto|9.237605979|1976624.57582|1
Zee_PTV140_280_BFilter|6.081254464|3396476.98264|1
Zee_PTV280_500_CVetoBVeto|4.796836771|1622207.75969|1
Zee_PTV280_500_CFilterBVeto|2.249186051|908261.497964|1
Zee_PTV280_500_BFilter|1.49219843|1854184.55614|1
Zee_PTV500_1000|1.76415092|2942740.91362|1
Zee_PTV1000|0.145046125|994142.027341|1
Ztautau_PTV0_70_CVetoBVeto|1612.531483|5261983.52635|1
Ztautau_PTV0_70_CFilterBVeto|211.7088872|2848153.01809|1
Ztautau_PTV0_70_BFilter|127.0915597|4060541.5209|1
Ztautau_PTV70_140_CVetoBVeto|74.70740605|2168444.60741|1
Ztautau_PTV70_140_CFilterBVeto|20.50813626|717613.996532|1
Ztautau_PTV70_140_BFilter|11.96510571|2071490.99782|1
Ztautau_PTV140_280_CVetoBVeto|24.57266372|2969289.71879|1
Ztautau_PTV140_280_CFilterBVeto|9.301821784|1983172.64602|1
Ztautau_PTV140_280_BFilter|6.192971739|3430451.22731|1
Ztautau_PTV280_500_CVetoBVeto|4.759698353|1656090.74518|1
Ztautau_PTV280_500_CFilterBVeto|2.236223236|905387.206237|1
Ztautau_PTV280_500_BFilter|1.491840072|1853029.9701|1
Ztautau_PTV500_1000|1.76249325|2923750.21933|1
Ztautau_PTV1000|0.144568326|997974.838867|1
Wmunu_PTV0_70_CVetoBVeto|15317.171239|16619290.3298|1
Wmunu_PTV0_70_CFilterBVeto|2431.204019|5643599.11526|1
Wmunu_PTV0_70_BFilter|828.465384|10403012.6599|1
Wmunu_PTV70_140_CVetoBVeto|617.439593|5418398.88082|1
Wmunu_PTV70_140_CFilterBVeto|225.006704|3693885.78953|1
Wmunu_PTV70_140_BFilter|76.213179|7990084.35926|1
Wmunu_PTV140_280_CVetoBVeto|198.635592|6155495.28527|1
Wmunu_PTV140_280_CFilterBVeto|96.233222|5260811.17463|1
Wmunu_PTV140_280_BFilter|36.348467|7271557.26566|1
Wmunu_PTV280_500_CVetoBVeto|38.299835|4325283.67358|1
Wmunu_PTV280_500_CFilterBVeto|22.395647|2783968.68238|1
Wmunu_PTV280_500_BFilter|8.768196|2835707.22044|1
Wmunu_PTV500_1000|14.558821|5941704.99235|1
Wmunu_PTV1000|1.198003|4068015.22447|1
Wenu_PTV0_70_CVetoBVeto|15324.216356|16615214.8608|1
Wenu_PTV0_70_CFilterBVeto|2430.656322|5647044.71225|1
Wenu_PTV0_70_BFilter|832.203758|10407897.8772|1
Wenu_PTV70_140_CVetoBVeto|618.6882|5098540.19503|1
Wenu_PTV70_140_CFilterBVeto|223.63946|3661915.17878|1
Wenu_PTV70_140_BFilter|94.875534|3980401.78673|1
Wenu_PTV140_280_CVetoBVeto|197.343129|6121546.03361|1
Wenu_PTV140_280_CFilterBVeto|96.277568|5263243.42582|1
Wenu_PTV140_280_BFilter|35.917295|7327201.08884|1
Wenu_PTV280_500_CVetoBVeto|38.340533|4312357.01458|1
Wenu_PTV280_500_CFilterBVeto|22.36999|2778654.28759|1
Wenu_PTV280_500_BFilter|9.586345|2835314.68179|1
Wenu_PTV500_1000|14.598599|6003269.52809|1
Wenu_PTV1000|1.197518|4075236.23897|1
Wtaunu_PTV0_70_CVetoBVeto|15324.887336|11929044.1188|1
Wtaunu_PTV0_70_CFilterBVeto|2443.425881|5671521.55269|1
Wtaunu_PTV0_70_BFilter|837.531038|10498770.1084|1
Wtaunu_PTV70_140_CVetoBVeto|620.166885|5427023.47527|1
Wtaunu_PTV70_140_CFilterBVeto|222.595303|3719117.16117|1
Wtaunu_PTV70_140_BFilter|95.365521|3969118.20687|1
Wtaunu_PTV140_280_CVetoBVeto|197.370776|6166514.76606|1
Wtaunu_PTV140_280_CFilterBVeto|93.808553|5085280.31607|1
Wtaunu_PTV140_280_BFilter|34.639523|7291603.73991|1
Wtaunu_PTV280_500_CVetoBVeto|38.34009|4322848.66983|1
Wtaunu_PTV280_500_CFilterBVeto|22.268425|2772305.06916|1
Wtaunu_PTV280_500_BFilter|9.490847|2830341.62344|1
Wtaunu_PTV500_1000|14.60345|5932750.60186|1
Wtaunu_PTV1000|1.197324|4057477.95297|1
ZqqZll|15.563|3439266.11559|1
WqqZll|3.437|241438.72705|1
WpqqWmlv|24.717|998250.783475|1
WplvWmqq|112.74|1069526.41899|1
WlvZqq|11.413|1111991.15979|1
llll|1.2578|7538705.8077|1
lllv|4.6049|5441475.00407|1
llvv|12.466|5039259.9696|1
lvvv|3.2286|1727991.07441|1
slep600DM300|0.000464769511|10457.5703245|1
